
# Sunrise
APPENDIX A 

WAGE SCALES 



2023 WAGE SCALES 
Sunrise Hospital & Medical Center 
Sunrise Children’s Hospital 
SEIU Wage Structure, Effective the first pay period following ratification on July, 9, 2023 

5.25% 

Grade 
0 
6 mo 
1 
2 
3 
4 
5 
6 
7 
8 
9 
10 
11 
12 
13 
14 
15 
16 
17 
18 
19 
20 
25 
35 
U01 
15.73 
15.96 
16.22 
16.70 
17.23 
17.77 
18.29 
18.85 
19.19 
19.56 
19.97 
20.38 
20.57 
20.77 
20.98 
21.18 
21.41 
21.61 
21.84 
22.05 
22.28 
22.48 
22.93 
23.59 
U02 
16.29 
16.55 
16.82 
17.30 
17.82 
18.36 
18.92 
19.47 
19.88 
20.27 
20.63 
21.07 
21.30 
21.50 
21.70 
21.91 
22.16 
22.37 
22.59 
22.83 
23.04 
23.32 
23.75 
24.48 
U03 
17.39 
17.66 
17.90 
18.44 
19.00 
19.54 
20.14 
20.72 
21.16 
21.60 
22.04 
22.48 
22.69 
22.94 
23.16 
23.43 
23.60 
23.89 
24.09 
24.37 
24.60 
24.84 
25.33 
26.08 
U04 
18.51 
18.80 
19.07 
19.62 
20.27 
20.88 
21.48 
22.12 
22.54 
23.00 
23.49 
23.93 
24.17 
24.43 
24.66 
24.92 
25.14 
25.42 
25.64 
25.93 
26.19 
26.42 
26.97 
27.76 
U05 
19.48 
19.79 
20.06 
20.65 
21.30 
21.90 
22.58 
23.30 
23.71 
24.19 
24.67 
25.17 
25.43 
25.67 
25.94 
26.21 
26.46 
26.73 
27.00 
27.25 
27.53 
27.82 
28.35 
29.21 
U06 
19.96 
20.26 
20.54 
21.16 
21.80 
22.45 
23.10 
23.82 
24.28 
24.79 
25.27 
25.80 
26.03 
26.30 
26.57 
26.83 
27.08 
27.39 
27.67 
27.92 
28.22 
28.49 
29.07 
29.92 
U07 
20.57 
20.90 
21.18 
21.83 
22.48 
23.12 
23.87 
24.55 
25.05 
25.55 
26.04 
26.58 
26.87 
27.09 
27.40 
27.68 
27.93 
28.23 
28.50 
28.81 
29.09 
29.38 
29.94 
30.86 
U08 
21.19 
21.54 
21.85 
22.50 
23.16 
23.89 
24.58 
25.30 
25.85 
26.35 
26.88 
27.43 
27.69 
27.94 
28.24 
28.51 
28.82 
29.09 
29.35 
29.67 
29.96 
30.29 
30.87 
31.76 
U09 
26.53 
26.95 
27.37 
28.18 
29.03 
29.87 
30.80 
31.69 
32.33 
32.94 
33.64 
34.32 
34.69 
34.97 
35.35 
35.73 
36.07 
36.41 
36.81 
37.16 
37.52 
37.91 
38.65 
39.80 
U10 
26.73 
27.10 
27.52 
28.34 
29.20 
30.09 
30.99 
31.89 
32.53 
33.20 
33.87 
34.52 
34.86 
35.23 
35.57 
35.93 
36.29 
36.68 
37.01 
37.37 
37.77 
38.15 
38.93 
40.08 
U11 
26.91 
27.30 
27.71 
28.55 
29.41 
30.30 
31.19 
32.14 
32.80 
33.44 
34.07 
34.80 
35.14 
35.48 
35.84 
36.20 
36.53 
36.91 
37.31 
37.68 
38.04 
38.42 
39.18 
40.37 
U12 
27.78 
28.22 
28.63 
29.49 
30.36 
31.28 
32.22 
33.20 
33.87 
34.50 
35.23 
35.93 
36.28 
36.67 
36.97 
37.36 
37.76 
38.14 
38.51 
38.89 
39.26 
39.66 
40.46 
41.65 
 
70 
5.25% 

Grade 
0 
6 mo 
1 
2 
3 
4 
5 
6 
7 
8 
9 
10 
11 
12 
13 
14 
15 
16 
17 
18 
19 
20 
25 
35 
U13 
29.71 
30.19 
30.65 
31.58 
32.48 
33.47 
34.46 
35.52 
36.21 
36.91 
37.69 
38.43 
38.82 
39.18 
39.58 
40.01 
40.38 
40.82 
41.21 
41.61 
42.03 
42.46 
43.31 
44.62 
U14 
31.79 
32.30 
32.80 
33.79 
34.80 
35.81 
36.88 
38.00 
38.74 
39.54 
40.33 
41.13 
41.55 
41.96 
42.41 
42.77 
43.22 
43.63 
44.06 
44.52 
44.95 
45.40 
46.33 
47.72 
U15 
34.03 
34.53 
35.09 
36.12 
37.25 
38.32 
39.49 
40.67 
41.49 
42.29 
43.13 
44.02 
44.44 
44.89 
45.34 
45.79 
46.26 
46.69 
47.20 
47.63 
48.12 
48.59 
49.57 
51.03 
U16 
37.12 
37.69 
38.28 
39.40 
40.58 
41.76 
43.03 
44.35 
45.24 
46.12 
47.07 
48.03 
48.47 
48.93 
49.45 
49.93 
50.44 
50.92 
51.45 
51.95 
52.49 
52.99 
54.08 
55.70 
U17 
39.71 
40.33 
40.93 
42.13 
43.44 
44.70 
46.05 
47.46 
48.40 
49.35 
50.37 
51.35 
51.86 
52.35 
52.90 
53.40 
53.95 
54.50 
55.07 
55.59 
56.15 
56.72 
57.87 
59.58 
U18 
42.52 
43.16 
43.82 
45.11 
46.45 
47.87 
49.30 
50.77 
51.78 
52.80 
53.88 
54.95 
55.54 
56.09 
56.61 
57.18 
57.75 
58.33 
58.88 
59.49 
60.06 
60.69 
61.89 
63.74 
U19 
45.47 
46.17 
46.89 
48.27 
49.70 
51.23 
52.72 
54.33 
55.39 
56.50 
57.62 
58.79 
59.40 
59.96 
60.57 
61.18 
61.80 
62.39 
63.06 
63.67 
64.29 
64.91 
66.19 
68.20 
U20 
52.72 
53.50 
54.33 
55.95 
57.60 
59.37 
61.14 
63.00 
64.27 
65.53 
66.84 
68.15 
68.84 
69.55 
70.22 
70.94 
71.64 
72.33 
73.09 
73.80 
74.53 
75.27 
76.81 
79.10 
U21 
59.96 
60.86 
61.79 
63.63 
65.55 
67.52 
69.55 
71.64 
73.06 
74.52 
76.01 
77.55 
78.31 
79.11 
79.86 
80.70 
81.48 
82.27 
83.13 
83.97 
84.79 
85.65 
87.37 
89.97 
R16 
40.83 
41.46 
42.11 
43.33 
44.64 
45.94 
47.33 
48.77 
49.77 
50.75 
51.64 
52.53 
52.93 
53.37 
53.84 
54.30 
54.75 
55.20 
55.67 
56.13 
56.61 
57.07 
58.04 
59.49 
R18 
46.33 
47.04 
47.73 
49.16 
50.61 
52.16 
53.71 
55.32 
56.42 
57.53 
58.56 
59.58 
60.14 
60.66 
61.17 
61.69 
62.23 
62.76 
63.29 
63.83 
64.36 
64.95 
66.05 
67.75 
R19 
47.18 
47.92 
48.66 
50.08 
51.57 
53.16 
54.72 
56.37 
57.49 
58.62 
59.80 
61.01 
61.66 
62.22 
62.86 
63.50 
64.14 
64.75 
65.43 
66.08 
66.72 
67.35 
68.71 
70.78 



 
71 

2023 WAGE SCALES 
Sunrise Hospital & Medical Center 
Sunrise Children’s Hospital 
SEIU Wage Structure – Effective 09/17/2023 (Market Pool Adjustment) 

5.25% 



0 

6 mo 

1 

2 

3 

4 

5 

6 

7 

8 

9 

10 

11 

12 

13 

14 

15 

16 

17 

18 

19 

20 

25 

35 
S01 
15.73 
15.96 
16.22 
16.70 
17.23 
17.77 
18.29 
18.85 
19.19 
19.56 
19.97 
20.38 
20.57 
20.77 
20.98 
21.18 
21.41 
21.61 
21.84 
22.05 
22.28 
22.48 
22.93 
23.59 
S02 
16.01 
16.24 
16.50 
16.99 
17.53 
18.08 
18.61 
19.18 
19.53 
19.90 
20.32 
20.74 
20.93 
21.13 
21.35 
21.55 
21.78 
21.99 
22.22 
22.44 
22.67 
22.87 
23.33 
24.00 
S03 
16.29 
16.55 
16.82 
17.30 
17.82 
18.36 
18.92 
19.47 
19.88 
20.27 
20.63 
21.07 
21.30 
21.50 
21.70 
21.91 
22.16 
22.37 
22.59 
22.83 
23.04 
23.32 
23.75 
24.48 
S04 
16.70 
16.96 
17.24 
17.73 
18.27 
18.82 
19.39 
19.96 
20.38 
20.78 
21.15 
21.60 
21.83 
22.04 
22.24 
22.46 
22.71 
22.93 
23.15 
23.40 
23.62 
23.90 
24.34 
25.09 
S05 
17.39 
17.66 
17.90 
18.44 
19.00 
19.54 
20.14 
20.72 
21.16 
21.60 
22.04 
22.48 
22.69 
22.94 
23.16 
23.43 
23.60 
23.89 
24.09 
24.37 
24.60 
24.84 
25.33 
26.08 
S07 
17.69 
17.97 
18.21 
18.76 
19.33 
19.88 
20.49 
21.08 
21.53 
21.98 
22.43 
22.87 
23.09 
23.34 
23.57 
23.84 
24.01 
24.31 
24.51 
24.80 
25.03 
25.27 
25.77 
26.54 
S06 
17.82 
18.10 
18.35 
18.90 
19.48 
20.03 
20.64 
21.24 
21.69 
22.14 
22.59 
23.04 
23.26 
23.51 
23.74 
24.02 
24.19 
24.49 
24.69 
24.98 
25.22 
25.46 
25.96 
26.73 
S08 
18.51 
18.80 
19.07 
19.62 
20.27 
20.88 
21.48 
22.12 
22.54 
23.00 
23.49 
23.93 
24.17 
24.43 
24.66 
24.92 
25.14 
25.42 
25.64 
25.93 
26.19 
26.42 
26.97 
27.76 
S09 
19.48 
19.79 
20.06 
20.65 
21.30 
21.90 
22.58 
23.30 
23.71 
24.19 
24.67 
25.17 
25.43 
25.67 
25.94 
26.21 
26.46 
26.73 
27.00 
27.25 
27.53 
27.82 
28.35 
29.21 
S10 
19.82 
20.14 
20.41 
21.01 
21.67 
22.28 
22.98 
23.71 
24.12 
24.61 
25.10 
25.61 
25.88 
26.12 
26.39 
26.67 
26.92 
27.20 
27.47 
27.73 
28.01 
28.31 
28.85 
29.72 
S11 
19.96 
20.26 
20.54 
21.16 
21.80 
22.45 
23.10 
23.82 
24.28 
24.79 
25.27 
25.80 
26.03 
26.30 
26.57 
26.83 
27.08 
27.39 
27.67 
27.92 
28.22 
28.49 
29.07 
29.92 
S12 
20.31 
20.61 
20.90 
21.53 
22.18 
22.84 
23.50 
24.24 
24.70 
25.22 
25.71 
26.25 
26.49 
26.76 
27.03 
27.30 
27.55 
27.87 
28.15 
28.41 
28.71 
28.99 
29.58 
30.44 
S13 
20.57 
20.90 
21.18 
21.83 
22.48 
23.12 
23.87 
24.55 
25.05 
25.55 
26.04 
26.58 
26.87 
27.09 
27.40 
27.68 
27.93 
28.23 
28.50 
28.81 
29.09 
29.38 
29.94 
30.86 
S14 
20.93 
21.27 
21.55 
22.21 
22.87 
23.52 
24.29 
24.98 
25.49 
26.00 
26.50 
27.05 
27.34 
27.56 
27.88 
28.16 
28.42 
28.72 
29.00 
29.31 
29.60 
29.89 
30.46 
31.40 
S15 
21.19 
21.54 
21.85 
22.50 
23.16 
23.89 
24.58 
25.30 
25.85 
26.35 
26.88 
27.43 
27.69 
27.94 
28.24 
28.51 
28.82 
29.09 
29.35 
29.67 
29.96 
30.29 
30.87 
31.76 
S16 
21.56 
21.92 
22.23 
22.89 
23.57 
24.31 
25.01 
25.74 
26.30 
26.81 
27.35 
27.91 
28.17 
28.43 
28.73 
29.01 
29.32 
29.60 
29.86 
30.19 
30.48 
30.82 
31.41 
32.32 
 
72 
5.25% 



0 

6 mo 

1 

2 

3 

4 

5 

6 

7 

8 

9 

10 

11 

12 

13 

14 

15 

16 

17 

18 

19 

20 

25 

35 
S17 
26.53 
26.95 
27.37 
28.18 
29.03 
29.87 
30.80 
31.69 
32.33 
32.94 
33.64 
34.32 
34.69 
34.97 
35.35 
35.73 
36.07 
36.41 
36.81 
37.16 
37.52 
37.91 
38.65 
39.80 
S18 
26.73 
27.10 
27.52 
28.34 
29.20 
30.09 
30.99 
31.89 
32.53 
33.20 
33.87 
34.52 
34.86 
35.23 
35.57 
35.93 
36.29 
36.68 
37.01 
37.37 
37.77 
38.15 
38.93 
40.08 
S19 
26.91 
27.30 
27.71 
28.55 
29.41 
30.30 
31.19 
32.14 
32.80 
33.44 
34.07 
34.80 
35.14 
35.48 
35.84 
36.20 
36.53 
36.91 
37.31 
37.68 
38.04 
38.42 
39.18 
40.37 
S20 
26.99 
27.42 
27.85 
28.67 
29.54 
30.39 
31.34 
32.24 
32.90 
33.52 
34.23 
34.92 
35.30 
35.58 
35.97 
36.36 
36.70 
37.05 
37.45 
37.81 
38.18 
38.57 
39.33 
40.50 
S21 
27.78 
28.22 
28.63 
29.49 
30.36 
31.28 
32.22 
33.20 
33.87 
34.50 
35.23 
35.93 
36.28 
36.67 
36.97 
37.36 
37.76 
38.14 
38.51 
38.89 
39.26 
39.66 
40.46 
41.65 
S22 
28.27 
28.71 
29.13 
30.01 
30.89 
31.83 
32.78 
33.78 
34.46 
35.10 
35.85 
36.56 
36.91 
37.31 
37.62 
38.01 
38.42 
38.81 
39.18 
39.57 
39.95 
40.35 
41.17 
42.38 
S23 
29.71 
30.19 
30.65 
31.58 
32.48 
33.47 
34.46 
35.52 
36.21 
36.91 
37.69 
38.43 
38.82 
39.18 
39.58 
40.01 
40.38 
40.82 
41.21 
41.61 
42.03 
42.46 
43.31 
44.62 
S24 
30.23 
30.72 
31.19 
32.13 
33.05 
34.06 
35.06 
36.14 
36.84 
37.56 
38.35 
39.10 
39.50 
39.87 
40.27 
40.71 
41.09 
41.53 
41.93 
42.34 
42.77 
43.20 
44.07 
45.40 
S25 
31.79 
32.30 
32.80 
33.79 
34.80 
35.81 
36.88 
38.00 
38.74 
39.54 
40.33 
41.13 
41.55 
41.96 
42.41 
42.77 
43.22 
43.63 
44.06 
44.52 
44.95 
45.40 
46.33 
47.72 
S26 
32.35 
32.87 
33.37 
34.38 
35.41 
36.44 
37.53 
38.67 
39.42 
40.23 
41.04 
41.85 
42.28 
42.69 
43.15 
43.52 
43.98 
44.39 
44.83 
45.30 
45.74 
46.19 
47.14 
48.56 
S27 
32.58 
33.11 
33.62 
34.63 
35.67 
36.71 
37.80 
38.95 
39.71 
40.53 
41.34 
42.16 
42.59 
43.01 
43.47 
43.84 
44.30 
44.72 
45.16 
45.63 
46.07 
46.54 
47.49 
48.91 
S28 
34.03 
34.53 
35.09 
36.12 
37.25 
38.32 
39.49 
40.67 
41.49 
42.29 
43.13 
44.02 
44.44 
44.89 
45.34 
45.79 
46.26 
46.69 
47.20 
47.63 
48.12 
48.59 
49.57 
51.03 
S29 
34.63 
35.13 
35.70 
36.75 
37.90 
38.99 
40.18 
41.38 
42.22 
43.03 
43.88 
44.79 
45.22 
45.68 
46.13 
46.59 
47.07 
47.51 
48.03 
48.46 
48.96 
49.44 
50.44 
51.92 
S30 
37.12 
37.69 
38.28 
39.40 
40.58 
41.76 
43.03 
44.35 
45.24 
46.12 
47.07 
48.03 
48.47 
48.93 
49.45 
49.93 
50.44 
50.92 
51.45 
51.95 
52.49 
52.99 
54.08 
55.70 
S31 
39.71 
40.33 
40.93 
42.13 
43.44 
44.70 
46.05 
47.46 
48.40 
49.35 
50.37 
51.35 
51.86 
52.35 
52.90 
53.40 
53.95 
54.50 
55.07 
55.59 
56.15 
56.72 
57.87 
59.58 
S32 
40.40 
41.04 
41.65 
42.87 
44.20 
45.48 
46.86 
48.29 
49.25 
50.21 
51.25 
52.25 
52.77 
53.27 
53.83 
54.33 
54.89 
55.45 
56.03 
56.56 
57.13 
57.71 
58.88 
60.62 
S33 
40.83 
41.46 
42.11 
43.33 
44.64 
45.94 
47.33 
48.77 
49.77 
50.75 
51.64 
52.53 
52.93 
53.37 
53.84 
54.30 
54.75 
55.20 
55.67 
56.13 
56.61 
57.07 
58.04 
59.49 
S34 
41.65 
42.29 
42.95 
44.20 
45.54 
46.86 
48.28 
49.75 
50.76 
51.76 
52.67 
53.58 
53.99 
54.44 
54.92 
55.38 
55.85 
56.30 
56.78 
57.25 
57.75 
58.21 
59.20 
60.68 
S35 
42.52 
43.16 
43.82 
45.11 
46.45 
47.87 
49.30 
50.77 
51.78 
52.80 
53.88 
54.95 
55.54 
56.09 
56.61 
57.18 
57.75 
58.33 
58.88 
59.49 
60.06 
60.69 
61.89 
63.74 
S36 
43.26 
43.92 
44.59 
45.90 
47.26 
48.71 
50.16 
51.66 
52.69 
53.72 
54.82 
55.91 
56.51 
57.07 
57.60 
58.18 
58.76 
59.35 
59.91 
60.53 
61.11 
61.75 
62.97 
64.86 
 
73 
5.25% 



0 

6 mo 

1 

2 

3 

4 

5 

6 

7 

8 

9 

10 

11 

12 

13 

14 

15 

16 

17 

18 

19 

20 

25 

35 
S37 
43.58 
44.24 
44.92 
46.24 
47.61 
49.07 
50.53 
52.04 
53.07 
54.12 
55.23 
56.32 
56.93 
57.49 
58.03 
58.61 
59.19 
59.79 
60.35 
60.98 
61.56 
62.21 
63.44 
65.33 
S38 
45.47 
46.17 
46.89 
48.27 
49.70 
51.23 
52.72 
54.33 
55.39 
56.50 
57.62 
58.79 
59.40 
59.96 
60.57 
61.18 
61.80 
62.39 
63.06 
63.67 
64.29 
64.91 
66.19 
68.20 
S39 
46.27 
46.98 
47.71 
49.11 
50.57 
52.13 
53.64 
55.28 
56.36 
57.49 
58.63 
59.82 
60.44 
61.01 
61.63 
62.25 
62.88 
63.48 
64.16 
64.78 
65.42 
66.05 
67.35 
69.39 
S40 
46.33 
47.04 
47.73 
49.16 
50.61 
52.16 
53.71 
55.32 
56.42 
57.53 
58.56 
59.58 
60.14 
60.66 
61.17 
61.69 
62.23 
62.76 
63.29 
63.83 
64.36 
64.95 
66.05 
67.75 
S41 
47.18 
47.92 
48.66 
50.08 
51.57 
53.16 
54.72 
56.37 
57.49 
58.62 
59.80 
61.01 
61.66 
62.22 
62.86 
63.50 
64.14 
64.75 
65.43 
66.08 
66.72 
67.35 
68.71 
70.78 
S42 
47.26 
47.98 
48.68 
50.14 
51.62 
53.20 
54.78 
56.43 
57.55 
58.68 
59.73 
60.77 
61.34 
61.87 
62.39 
62.92 
63.47 
64.02 
64.56 
65.11 
65.65 
66.25 
67.37 
69.11 
S43 
52.72 
53.50 
54.33 
55.95 
57.60 
59.37 
61.14 
63.00 
64.27 
65.53 
66.84 
68.15 
68.84 
69.55 
70.22 
70.94 
71.64 
72.33 
73.09 
73.80 
74.53 
75.27 
76.81 
79.10 
S44 
59.96 
60.86 
61.79 
63.63 
65.55 
67.52 
69.55 
71.64 
73.06 
74.52 
76.01 
77.55 
78.31 
79.11 
79.86 
80.70 
81.48 
82.27 
83.13 
83.97 
84.79 
85.65 
87.37 
89.97 

 
74 
2024 WAGE SCALES 
Sunrise Hospital & Medical Center 
Sunrise Children’s Hospital 
SEIU Wage Structure Effective July 2024 

4.50% 


Grade 

0 



6 mo 

1 

2 

3 

4 

5 

6 

7 

8 

9 

10 

11 

12 

13 

14 

15 

16 

17 

18 

19 

20 

25 

35 
S01 
16.44 
16.68 
16.95 
17.45 
18.01 
18.57 
19.11 
19.7 
20.05 
20.44 
20.87 
21.3 
21.5 
21.7 
21.92 
22.13 
22.37 
22.58 
22.82 
23.04 
23.28 
23.49 
23.96 
24.65 
S02 
16.73 
16.97 
17.24 
17.75 
18.32 
18.89 
19.45 
20.04 
20.41 
20.8 
21.23 
21.67 
21.87 
22.08 
22.31 
22.52 
22.76 
22.98 
23.22 
23.45 
23.69 
23.9 
24.38 
25.08 
S03 
17.02 
17.29 
17.58 
18.08 
18.62 
19.19 
19.77 
20.35 
20.77 
21.18 
21.56 
22.02 
22.26 
22.47 
22.68 
22.9 
23.16 
23.38 
23.61 
23.86 
24.08 
24.37 
24.82 
25.58 
S04 
17.45 
17.72 
18.02 
18.53 
19.09 
19.67 
20.26 
20.86 
21.3 
21.72 
22.1 
22.57 
22.81 
23.03 
23.24 
23.47 
23.73 
23.96 
24.19 
24.45 
24.68 
24.98 
25.44 
26.22 
S05 
18.17 
18.45 
18.71 
19.27 
19.86 
20.42 
21.05 
21.65 
22.11 
22.57 
23.03 
23.49 
23.71 
23.97 
24.2 
24.48 
24.66 
24.97 
25.17 
25.47 
25.71 
25.96 
26.47 
27.25 
S07 
18.49 
18.78 
19.03 
19.6 
20.2 
20.77 
21.41 
22.03 
22.5 
22.97 
23.44 
23.9 
24.13 
24.39 
24.63 
24.91 
25.09 
25.4 
25.61 
25.92 
26.16 
26.41 
26.93 
27.73 
S06 
18.62 
18.91 
19.18 
19.75 
20.36 
20.93 
21.57 
22.2 
22.67 
23.14 
23.61 
24.08 
24.31 
24.57 
24.81 
25.1 
25.28 
25.59 
25.8 
26.1 
26.35 
26.61 
27.13 
27.93 
S08 
19.34 
19.65 
19.93 
20.5 
21.18 
21.82 
22.45 
23.12 
23.55 
24.04 
24.55 
25.01 
25.26 
25.53 
25.77 
26.04 
26.27 
26.56 
26.79 
27.1 
27.37 
27.61 
28.18 
29.01 
S09 
20.36 
20.68 
20.96 
21.58 
22.26 
22.89 
23.6 
24.35 
24.78 
25.28 
25.78 
26.3 
26.57 
26.83 
27.11 
27.39 
27.65 
27.93 
28.22 
28.48 
28.77 
29.07 
29.63 
30.52 
S10 
20.71 
21.05 
21.33 
21.96 
22.65 
23.28 
24.01 
24.78 
25.21 
25.72 
26.23 
26.76 
27.04 
27.3 
27.58 
27.87 
28.13 
28.42 
28.71 
28.98 
29.27 
29.58 
30.15 
31.06 
S11 
20.86 
21.17 
21.46 
22.11 
22.78 
23.46 
24.14 
24.89 
25.37 
25.91 
26.41 
26.96 
27.2 
27.48 
27.77 
28.04 
28.3 
28.62 
28.92 
29.18 
29.49 
29.77 
30.38 
31.27 
S12 
21.22 
21.54 
21.84 
22.5 
23.18 
23.87 
24.56 
25.33 
25.81 
26.35 
26.87 
27.43 
27.68 
27.96 
28.25 
28.53 
28.79 
29.12 
29.42 
29.69 
30 
30.29 
30.91 
31.81 
S13 
21.5 
21.84 
22.13 
22.81 
23.49 
24.16 
24.94 
25.65 
26.18 
26.7 
27.21 
27.78 
28.08 
28.31 
28.63 
28.93 
29.19 
29.5 
29.78 
30.11 
30.4 
30.7 
31.29 
32.25 
S14 
21.87 
22.23 
22.52 
23.21 
23.9 
24.58 
25.38 
26.1 
26.64 
27.17 
27.69 
28.27 
28.57 
28.8 
29.13 
29.43 
29.7 
30.01 
30.31 
30.63 
30.93 
31.24 
31.83 
32.81 
S15 
22.14 
22.51 
22.83 
23.51 
24.2 
24.97 
25.69 
26.44 
27.01 
27.54 
28.09 
28.66 
28.94 
29.2 
29.51 
29.79 
30.12 
30.4 
30.67 
31.01 
31.31 
31.65 
32.26 
33.19 
S16 
22.53 
22.91 
23.23 
23.92 
24.63 
25.4 
26.14 
26.9 
27.48 
28.02 
28.58 
29.17 
29.44 
29.71 
30.02 
30.32 
30.64 
30.93 
31.2 
31.55 
31.85 
32.21 
32.82 
33.77 
 
75 
4.50% 


Grade 

0 



6 mo 

1 

2 

3 

4 

5 

6 

7 

8 

9 

10 

11 

12 

13 

14 

15 

16 

17 

18 

19 

20 

25 

35 
S17 
27.72 
28.16 
28.6 
29.45 
30.34 
31.21 
32.19 
33.12 
33.78 
34.42 
35.15 
35.86 
36.25 
36.54 
36.94 
37.34 
37.69 
38.05 
38.47 
38.83 
39.21 
39.62 
40.39 
41.59 
S18 
27.93 
28.32 
28.76 
29.62 
30.51 
31.44 
32.38 
33.33 
33.99 
34.69 
35.39 
36.07 
36.43 
36.82 
37.17 
37.55 
37.92 
38.33 
38.68 
39.05 
39.47 
39.87 
40.68 
41.88 
S19 
28.12 
28.53 
28.96 
29.83 
30.73 
31.66 
32.59 
33.59 
34.28 
34.94 
35.6 
36.37 
36.72 
37.08 
37.45 
37.83 
38.17 
38.57 
38.99 
39.38 
39.75 
40.15 
40.94 
42.19 
S20 
28.2 
28.65 
29.1 
29.96 
30.87 
31.76 
32.75 
33.69 
34.38 
35.03 
35.77 
36.49 
36.89 
37.18 
37.59 
38 
38.35 
38.72 
39.14 
39.51 
39.9 
40.31 
41.1 
42.32 
S21 
29.03 
29.49 
29.92 
30.82 
31.73 
32.69 
33.67 
34.69 
35.39 
36.05 
36.82 
37.55 
37.91 
38.32 
38.63 
39.04 
39.46 
39.86 
40.24 
40.64 
41.03 
41.44 
42.28 
43.52 
S22 
29.54 
30 
30.44 
31.36 
32.28 
33.26 
34.26 
35.3 
36.01 
36.68 
37.46 
38.21 
38.57 
38.99 
39.31 
39.72 
40.15 
40.56 
40.94 
41.35 
41.75 
42.17 
43.02 
44.29 
S23 
31.05 
31.55 
32.03 
33 
33.94 
34.98 
36.01 
37.12 
37.84 
38.57 
39.39 
40.16 
40.57 
40.94 
41.36 
41.81 
42.2 
42.66 
43.06 
43.48 
43.92 
44.37 
45.26 
46.63 
S24 
31.59 
32.1 
32.59 
33.58 
34.54 
35.59 
36.64 
37.77 
38.5 
39.25 
40.08 
40.86 
41.28 
41.66 
42.08 
42.54 
42.94 
43.4 
43.82 
44.25 
44.69 
45.14 
46.05 
47.44 
S25 
33.22 
33.75 
34.28 
35.31 
36.37 
37.42 
38.54 
39.71 
40.48 
41.32 
42.14 
42.98 
43.42 
43.85 
44.32 
44.69 
45.16 
45.59 
46.04 
46.52 
46.97 
47.44 
48.41 
49.87 
S26 
33.81 
34.35 
34.87 
35.93 
37 
38.08 
39.22 
40.41 
41.19 
42.04 
42.89 
43.73 
44.18 
44.61 
45.09 
45.48 
45.96 
46.39 
46.85 
47.34 
47.8 
48.27 
49.26 
50.75 
S27 
34.05 
34.6 
35.13 
36.19 
37.28 
38.36 
39.5 
40.7 
41.5 
42.35 
43.2 
44.06 
44.51 
44.95 
45.43 
45.81 
46.29 
46.73 
47.19 
47.68 
48.14 
48.63 
49.63 
51.11 
S28 
35.56 
36.08 
36.67 
37.75 
38.93 
40.04 
41.27 
42.5 
43.36 
44.19 
45.07 
46 
46.44 
46.91 
47.38 
47.85 
48.34 
48.79 
49.32 
49.77 
50.29 
50.78 
51.8 
53.33 
S29 
36.19 
36.71 
37.31 
38.4 
39.61 
40.74 
41.99 
43.24 
44.12 
44.97 
45.85 
46.81 
47.25 
47.74 
48.21 
48.69 
49.19 
49.65 
50.19 
50.64 
51.16 
51.66 
52.71 
54.26 
S30 
38.79 
39.39 
40 
41.17 
42.41 
43.64 
44.97 
46.35 
47.28 
48.2 
49.19 
50.19 
50.65 
51.13 
51.68 
52.18 
52.71 
53.21 
53.77 
54.29 
54.85 
55.37 
56.51 
58.21 
S31 
41.5 
42.14 
42.77 
44.03 
45.39 
46.71 
48.12 
49.6 
50.58 
51.57 
52.64 
53.66 
54.19 
54.71 
55.28 
55.8 
56.38 
56.95 
57.55 
58.09 
58.68 
59.27 
60.47 
62.26 
S32 
42.22 
42.89 
43.52 
44.8 
46.19 
47.53 
48.97 
50.46 
51.47 
52.47 
53.56 
54.6 
55.14 
55.67 
56.25 
56.77 
57.36 
57.95 
58.55 
59.11 
59.7 
60.31 
61.53 
63.35 
S33 
42.67 
43.33 
44 
45.28 
46.65 
48.01 
49.46 
50.96 
52.01 
53.03 
53.96 
54.89 
55.31 
55.77 
56.26 
56.74 
57.21 
57.68 
58.18 
58.66 
59.16 
59.64 
60.65 
62.17 
S34 
43.52 
44.2 
44.89 
46.19 
47.59 
48.97 
50.45 
51.99 
53.05 
54.09 
55.04 
55.99 
56.42 
56.89 
57.39 
57.88 
58.36 
58.83 
59.33 
59.82 
60.34 
60.83 
61.86 
63.41 
S35 
44.43 
45.1 
45.79 
47.14 
48.54 
50.02 
51.52 
53.05 
54.11 
55.18 
56.3 
57.42 
58.04 
58.61 
59.16 
59.75 
60.35 
60.95 
61.53 
62.17 
62.76 
63.42 
64.68 
66.61 
S36 
45.21 
45.9 
46.6 
47.97 
49.39 
50.9 
52.42 
53.98 
55.06 
56.14 
57.29 
58.43 
59.05 
59.64 
60.19 
60.8 
61.4 
62.02 
62.61 
63.25 
63.86 
64.53 
65.8 
67.78 
 
76 
4.50% 


Grade 

0 



6 mo 

1 

2 

3 

4 

5 

6 

7 

8 

9 

10 

11 

12 

13 

14 

15 

16 

17 

18 

19 

20 

25 

35 
S37 
45.54 
46.23 
46.94 
48.32 
49.75 
51.28 
52.8 
54.38 
55.46 
56.56 
57.72 
58.85 
59.49 
60.08 
60.64 
61.25 
61.85 
62.48 
63.07 
63.72 
64.33 
65.01 
66.29 
68.27 
S38 
47.52 
48.25 
49 
50.44 
51.94 
53.54 
55.09 
56.77 
57.88 
59.04 
60.21 
61.44 
62.07 
62.66 
63.3 
63.93 
64.58 
65.2 
65.9 
66.54 
67.18 
67.83 
69.17 
71.27 
S39 
48.35 
49.09 
49.86 
51.32 
52.85 
54.48 
56.05 
57.77 
58.9 
60.08 
61.27 
62.51 
63.16 
63.76 
64.4 
65.05 
65.71 
66.34 
67.05 
67.7 
68.36 
69.02 
70.38 
72.51 
S40 
48.41 
49.16 
49.88 
51.37 
52.89 
54.51 
56.13 
57.81 
58.96 
60.12 
61.2 
62.26 
62.85 
63.39 
63.92 
64.47 
65.03 
65.58 
66.14 
66.7 
67.26 
67.87 
69.02 
70.8 
S41 
49.3 
50.08 
50.85 
52.33 
53.89 
55.55 
57.18 
58.91 
60.08 
61.26 
62.49 
63.76 
64.43 
65.02 
65.69 
66.36 
67.03 
67.66 
68.37 
69.05 
69.72 
70.38 
71.8 
73.97 
S42 
49.39 
50.14 
50.87 
52.4 
53.94 
55.59 
57.25 
58.97 
60.14 
61.32 
62.42 
63.5 
64.1 
64.65 
65.2 
65.75 
66.33 
66.9 
67.47 
68.04 
68.6 
69.23 
70.4 
72.22 
S43 
55.09 
55.91 
56.77 
58.47 
60.19 
62.04 
63.89 
65.84 
67.16 
68.48 
69.85 
71.22 
71.94 
72.68 
73.38 
74.13 
74.86 
75.58 
76.38 
77.12 
77.88 
78.66 
80.27 
82.66 
S44 
62.66 
63.6 
64.57 
66.49 
68.5 
70.56 
72.68 
74.86 
76.35 
77.87 
79.43 
81.04 
81.83 
82.67 
83.45 
84.33 
85.15 
85.97 
86.87 
87.75 
88.61 
89.5 
91.3 
94.02 



 
77 

2025 WAGE SCALES 
Sunrise Hospital & Medical Center 
Sunrise Children’s Hospital 
SEIU Wage Structure Effective July 2025 

4.00% 


Grade 

0 

6 mo 

1 

2 

3 

4 

5 

6 

7 

8 

9 

10 

11 

12 

13 

14 

15 

16 

17 

18 

19 

20 

25 

35 
S01 
17.1 
17.35 
17.63 
18.15 
18.73 
19.31 
19.87 
20.49 
20.85 
21.26 
21.7 
22.15 
22.36 
22.57 
22.8 
23.02 
23.26 
23.48 
23.73 
23.96 
24.21 
24.43 
24.92 
25.64 
S02 
17.4 
17.65 
17.93 
18.46 
19.05 
19.65 
20.23 
20.84 
21.23 
21.63 
22.08 
22.54 
22.74 
22.96 
23.2 
23.42 
23.67 
23.9 
24.15 
24.39 
24.64 
24.86 
25.36 
26.08 
S03 
17.7 
17.98 
18.28 
18.8 
19.36 
19.96 
20.56 
21.16 
21.6 
22.03 
22.42 
22.9 
23.15 
23.37 
23.59 
23.82 
24.09 
24.32 
24.55 
24.81 
25.04 
25.34 
25.81 
26.6 
S04 
18.15 
18.43 
18.74 
19.27 
19.85 
20.46 
21.07 
21.69 
22.15 
22.59 
22.98 
23.47 
23.72 
23.95 
24.17 
24.41 
24.68 
24.92 
25.16 
25.43 
25.67 
25.98 
26.46 
27.27 
S05 
18.9 
19.19 
19.46 
20.04 
20.65 
21.24 
21.89 
22.52 
22.99 
23.47 
23.95 
24.43 
24.66 
24.93 
25.17 
25.46 
25.65 
25.97 
26.18 
26.49 
26.74 
27 
27.53 
28.34 
S07 
19.23 
19.53 
19.79 
20.38 
21.01 
21.6 
22.27 
22.91 
23.4 
23.89 
24.38 
24.86 
25.1 
25.37 
25.62 
25.91 
26.09 
26.42 
26.63 
26.96 
27.21 
27.47 
28.01 
28.84 
S06 
19.36 
19.67 
19.95 
20.54 
21.17 
21.77 
22.43 
23.09 
23.58 
24.07 
24.55 
25.04 
25.28 
25.55 
25.8 
26.1 
26.29 
26.61 
26.83 
27.14 
27.4 
27.67 
28.22 
29.05 
S08 
20.11 
20.44 
20.73 
21.32 
22.03 
22.69 
23.35 
24.04 
24.49 
25 
25.53 
26.01 
26.27 
26.55 
26.8 
27.08 
27.32 
27.62 
27.86 
28.18 
28.46 
28.71 
29.31 
30.17 
S09 
21.17 
21.51 
21.8 
22.44 
23.15 
23.81 
24.54 
25.32 
25.77 
26.29 
26.81 
27.35 
27.63 
27.9 
28.19 
28.49 
28.76 
29.05 
29.35 
29.62 
29.92 
30.23 
30.82 
31.74 
S10 
21.54 
21.89 
22.18 
22.84 
23.56 
24.21 
24.97 
25.77 
26.22 
26.75 
27.28 
27.83 
28.12 
28.39 
28.68 
28.98 
29.26 
29.56 
29.86 
30.14 
30.44 
30.76 
31.36 
32.3 
S11 
21.69 
22.02 
22.32 
22.99 
23.69 
24.4 
25.11 
25.89 
26.38 
26.95 
27.47 
28.04 
28.29 
28.58 
28.88 
29.16 
29.43 
29.76 
30.08 
30.35 
30.67 
30.96 
31.6 
32.52 
S12 
22.07 
22.4 
22.71 
23.4 
24.11 
24.82 
25.54 
26.34 
26.84 
27.4 
27.94 
28.53 
28.79 
29.08 
29.38 
29.67 
29.94 
30.28 
30.6 
30.88 
31.2 
31.5 
32.15 
33.08 
S13 
22.36 
22.71 
23.02 
23.72 
24.43 
25.13 
25.94 
26.68 
27.23 
27.77 
28.3 
28.89 
29.2 
29.44 
29.78 
30.09 
30.36 
30.68 
30.97 
31.31 
31.62 
31.93 
32.54 
33.54 
S14 
22.74 
23.12 
23.42 
24.14 
24.86 
25.56 
26.4 
27.14 
27.71 
28.26 
28.8 
29.4 
29.71 
29.95 
30.3 
30.61 
30.89 
31.21 
31.52 
31.86 
32.17 
32.49 
33.1 
34.12 
S15 
23.03 
23.41 
23.74 
24.45 
25.17 
25.97 
26.72 
27.5 
28.09 
28.64 
29.21 
29.81 
30.1 
30.37 
30.69 
30.98 
31.32 
31.62 
31.9 
32.25 
32.56 
32.92 
33.55 
34.52 
S16 
23.43 
23.83 
24.16 
24.88 
25.62 
26.42 
27.19 
27.98 
28.58 
29.14 
29.72 
30.34 
30.62 
30.9 
31.22 
31.53 
31.87 
32.17 
32.45 
32.81 
33.12 
33.5 
34.13 
35.12 
 
78 
4.00% 


Grade 

0 

6 mo 

1 

2 

3 

4 

5 

6 

7 

8 

9 

10 

11 

12 

13 

14 

15 

16 

17 

18 

19 

20 

25 

35 
S17 
28.83 
29.29 
29.74 
30.63 
31.55 
32.46 
33.48 
34.44 
35.13 
35.8 
36.56 
37.29 
37.7 
38 
38.42 
38.83 
39.2 
39.57 
40.01 
40.38 
40.78 
41.2 
42.01 
43.25 
S18 
29.05 
29.45 
29.91 
30.8 
31.73 
32.7 
33.68 
34.66 
35.35 
36.08 
36.81 
37.51 
37.89 
38.29 
38.66 
39.05 
39.44 
39.86 
40.23 
40.61 
41.05 
41.46 
42.31 
43.56 
S19 
29.24 
29.67 
30.12 
31.02 
31.96 
32.93 
33.89 
34.93 
35.65 
36.34 
37.02 
37.82 
38.19 
38.56 
38.95 
39.34 
39.7 
40.11 
40.55 
40.96 
41.34 
41.76 
42.58 
43.88 
S20 
29.33 
29.8 
30.26 
31.16 
32.1 
33.03 
34.06 
35.04 
35.76 
36.43 
37.2 
37.95 
38.37 
38.67 
39.09 
39.52 
39.88 
40.27 
40.71 
41.09 
41.5 
41.92 
42.74 
44.01 
S21 
30.19 
30.67 
31.12 
32.05 
33 
34 
35.02 
36.08 
36.81 
37.49 
38.29 
39.05 
39.43 
39.85 
40.18 
40.6 
41.04 
41.45 
41.85 
42.27 
42.67 
43.1 
43.97 
45.26 
S22 
30.72 
31.2 
31.66 
32.61 
33.57 
34.59 
35.63 
36.71 
37.45 
38.15 
38.96 
39.74 
40.11 
40.55 
40.88 
41.31 
41.76 
42.18 
42.58 
43 
43.42 
43.86 
44.74 
46.06 
S23 
32.29 
32.81 
33.31 
34.32 
35.3 
36.38 
37.45 
38.6 
39.35 
40.11 
40.97 
41.77 
42.19 
42.58 
43.01 
43.48 
43.89 
44.37 
44.78 
45.22 
45.68 
46.14 
47.07 
48.5 
S24 
32.85 
33.38 
33.89 
34.92 
35.92 
37.01 
38.11 
39.28 
40.04 
40.82 
41.68 
42.49 
42.93 
43.33 
43.76 
44.24 
44.66 
45.14 
45.57 
46.02 
46.48 
46.95 
47.89 
49.34 
S25 
34.55 
35.1 
35.65 
36.72 
37.82 
38.92 
40.08 
41.3 
42.1 
42.97 
43.83 
44.7 
45.16 
45.6 
46.09 
46.48 
46.97 
47.41 
47.88 
48.38 
48.85 
49.34 
50.35 
51.86 
S26 
35.16 
35.72 
36.26 
37.37 
38.48 
39.6 
40.79 
42.03 
42.84 
43.72 
44.61 
45.48 
45.95 
46.39 
46.89 
47.3 
47.8 
48.25 
48.72 
49.23 
49.71 
50.2 
51.23 
52.78 
S27 
35.41 
35.98 
36.54 
37.64 
38.77 
39.89 
41.08 
42.33 
43.16 
44.04 
44.93 
45.82 
46.29 
46.75 
47.25 
47.64 
48.14 
48.6 
49.08 
49.59 
50.07 
50.58 
51.62 
53.15 
S28 
36.98 
37.52 
38.14 
39.26 
40.49 
41.64 
42.92 
44.2 
45.09 
45.96 
46.87 
47.84 
48.3 
48.79 
49.28 
49.76 
50.27 
50.74 
51.29 
51.76 
52.3 
52.81 
53.87 
55.46 
S29 
37.64 
38.18 
38.8 
39.94 
41.19 
42.37 
43.67 
44.97 
45.88 
46.77 
47.68 
48.68 
49.14 
49.65 
50.14 
50.64 
51.16 
51.64 
52.2 
52.67 
53.21 
53.73 
54.82 
56.43 
S30 
40.34 
40.97 
41.6 
42.82 
44.11 
45.39 
46.77 
48.2 
49.17 
50.13 
51.16 
52.2 
52.68 
53.18 
53.75 
54.27 
54.82 
55.34 
55.92 
56.46 
57.04 
57.58 
58.77 
60.54 
S31 
43.16 
43.83 
44.48 
45.79 
47.21 
48.58 
50.04 
51.58 
52.6 
53.63 
54.75 
55.81 
56.36 
56.9 
57.49 
58.03 
58.64 
59.23 
59.85 
60.41 
61.03 
61.64 
62.89 
64.75 
S32 
43.91 
44.61 
45.26 
46.59 
48.04 
49.43 
50.93 
52.48 
53.53 
54.57 
55.7 
56.78 
57.35 
57.9 
58.5 
59.04 
59.65 
60.27 
60.89 
61.47 
62.09 
62.72 
63.99 
65.88 
S33 
44.38 
45.06 
45.76 
47.09 
48.52 
49.93 
51.44 
53 
54.09 
55.15 
56.12 
57.09 
57.52 
58 
58.51 
59.01 
59.5 
59.99 
60.51 
61.01 
61.53 
62.03 
63.08 
64.66 
S34 
45.26 
45.97 
46.69 
48.04 
49.49 
50.93 
52.47 
54.07 
55.17 
56.25 
57.24 
58.23 
58.68 
59.17 
59.69 
60.2 
60.69 
61.18 
61.7 
62.21 
62.75 
63.26 
64.33 
65.95 
S35 
46.21 
46.9 
47.62 
49.03 
50.48 
52.02 
53.58 
55.17 
56.27 
57.39 
58.55 
59.72 
60.36 
60.95 
61.53 
62.14 
62.76 
63.39 
63.99 
64.66 
65.27 
65.96 
67.27 
69.27 
S36 
47.02 
47.74 
48.46 
49.89 
51.37 
52.94 
54.52 
56.14 
57.26 
58.39 
59.58 
60.77 
61.41 
62.03 
62.6 
63.23 
63.86 
64.5 
65.11 
65.78 
66.41 
67.11 
68.43 
70.49 
 
79 
4.00% 


Grade 

0 

6 mo 

1 

2 

3 

4 

5 

6 

7 

8 

9 

10 

11 

12 

13 

14 

15 

16 

17 

18 

19 

20 

25 

35 
S37 
47.36 
48.08 
48.82 
50.25 
51.74 
53.33 
54.91 
56.56 
57.68 
58.82 
60.03 
61.2 
61.87 
62.48 
63.07 
63.7 
64.32 
64.98 
65.59 
66.27 
66.9 
67.61 
68.94 
71 
S38 
49.42 
50.18 
50.96 
52.46 
54.02 
55.68 
57.29 
59.04 
60.2 
61.4 
62.62 
63.9 
64.55 
65.17 
65.83 
66.49 
67.16 
67.81 
68.54 
69.2 
69.87 
70.54 
71.94 
74.12 
S39 
50.28 
51.05 
51.85 
53.37 
54.96 
56.66 
58.29 
60.08 
61.26 
62.48 
63.72 
65.01 
65.69 
66.31 
66.98 
67.65 
68.34 
68.99 
69.73 
70.41 
71.09 
71.78 
73.2 
75.41 
S40 
50.35 
51.13 
51.88 
53.42 
55.01 
56.69 
58.38 
60.12 
61.32 
62.52 
63.65 
64.75 
65.36 
65.93 
66.48 
67.05 
67.63 
68.2 
68.79 
69.37 
69.95 
70.58 
71.78 
73.63 
S41 
51.27 
52.08 
52.88 
54.42 
56.05 
57.77 
59.47 
61.27 
62.48 
63.71 
64.99 
66.31 
67.01 
67.62 
68.32 
69.01 
69.71 
70.37 
71.1 
71.81 
72.51 
73.2 
74.67 
76.93 
S42 
51.37 
52.15 
52.9 
54.5 
56.1 
57.81 
59.54 
61.33 
62.55 
63.77 
64.92 
66.04 
66.66 
67.24 
67.81 
68.38 
68.98 
69.58 
70.17 
70.76 
71.34 
72 
73.22 
75.11 
S43 
57.29 
58.15 
59.04 
60.81 
62.6 
64.52 
66.45 
68.47 
69.85 
71.22 
72.64 
74.07 
74.82 
75.59 
76.32 
77.1 
77.85 
78.6 
79.44 
80.2 
81 
81.81 
83.48 
85.97 
S44 
65.17 
66.14 
67.15 
69.15 
71.24 
73.38 
75.59 
77.85 
79.4 
80.98 
82.61 
84.28 
85.1 
85.98 
86.79 
87.7 
88.56 
89.41 
90.34 
91.26 
92.15 
93.08 
94.95 
97.78 



 
80 

---
# Mountain View
APPENDIX D 

WAGE SCALES 

2023 Wage Scale 
Grade 
0 
6 mo 
1 
2 
3 
4 
5 
6 
7 
8 
9 
10 
11 
12 
13 
14 
15 
16 
17 
18 
19 
20 
25 
35 
M02 
$16.58 
$16.84 
$17.11 
$17.60 
$18.13 
$18.68 
$19.25 
$19.81 
$20.23 
$20.62 
$20.99 
$21.44 
$21.67 
$21.88 
$22.08 
$22.29 
$22.55 
$22.76 
$22.99 
$23.23 
$23.44 
$23.73 
$24.17 
$24.91 
M03 
$17.39 
$17.66 
$17.90 
$18.44 
$19.00 
$19.54 
$20.14 
$20.72 
$21.16 
$21.60 
$22.04 
$22.48 
$22.69 
$22.94 
$23.16 
$23.43 
$23.60 
$23.89 
$24.09 
$24.37 
$24.60 
$24.84 
$25.33 
$26.08 
M04 
$19.48 
$19.79 
$20.06 
$20.65 
$21.30 
$21.90 
$22.58 
$23.30 
$23.71 
$24.19 
$24.67 
$25.17 
$25.43 
$25.67 
$25.94 
$26.21 
$26.46 
$26.73 
$27.00 
$27.25 
$27.53 
$27.82 
$28.35 
$29.21 
M05 
$19.96 
$20.26 
$20.54 
$21.16 
$21.80 
$22.45 
$23.10 
$23.82 
$24.28 
$24.79 
$25.27 
$25.80 
$26.03 
$26.30 
$26.57 
$26.83 
$27.08 
$27.39 
$27.67 
$27.92 
$28.22 
$28.49 
$29.07 
$29.92 
M06 
$20.46 
$20.77 
$21.05 
$21.69 
$22.35 
$23.01 
$23.68 
$24.42 
$24.89 
$25.41 
$25.90 
$26.45 
$26.68 
$26.96 
$27.23 
$27.50 
$27.76 
$28.07 
$28.36 
$28.62 
$28.93 
$29.20 
$29.80 
$30.67 
M07 
$20.57 
$20.90 
$21.18 
$21.83 
$22.48 
$23.12 
$23.87 
$24.55 
$25.05 
$25.55 
$26.04 
$26.58 
$26.87 
$27.09 
$27.40 
$27.68 
$27.93 
$28.23 
$28.50 
$28.81 
$29.09 
$29.38 
$29.94 
$30.86 
M08 
$21.19 
$21.54 
$21.85 
$22.50 
$23.16 
$23.89 
$24.58 
$25.30 
$25.85 
$26.35 
$26.88 
$27.43 
$27.69 
$27.94 
$28.24 
$28.51 
$28.82 
$29.09 
$29.35 
$29.67 
$29.96 
$30.29 
$30.87 
$31.76 
M09 
$21.56 
$21.92 
$22.23 
$22.89 
$23.57 
$24.31 
$25.01 
$25.74 
$26.30 
$26.81 
$27.35 
$27.91 
$28.17 
$28.43 
$28.73 
$29.01 
$29.32 
$29.60 
$29.86 
$30.19 
$30.48 
$30.82 
$31.41 
$32.32 
M10 
$26.53 
$26.95 
$27.37 
$28.18 
$29.03 
$29.87 
$30.80 
$31.69 
$32.33 
$32.94 
$33.64 
$34.32 
$34.69 
$34.97 
$35.35 
$35.73 
$36.07 
$36.41 
$36.81 
$37.16 
$37.52 
$37.91 
$38.65 
$39.80 
M11 
$26.99 
$27.42 
$27.85 
$28.67 
$29.54 
$30.39 
$31.34 
$32.24 
$32.90 
$33.52 
$34.23 
$34.92 
$35.30 
$35.58 
$35.97 
$36.36 
$36.70 
$37.05 
$37.45 
$37.81 
$38.18 
$38.57 
$39.33 
$40.50 
M12 
$27.38 
$27.78 
$28.19 
$29.05 
$29.92 
$30.83 
$31.74 
$32.70 
$33.37 
$34.03 
$34.67 
$35.41 
$35.75 
$36.10 
$36.47 
$36.83 
$37.17 
$37.56 
$37.96 
$38.34 
$38.71 
$39.09 
$39.87 
$41.08 
M13 
$27.78 
$28.22 
$28.63 
$29.49 
$30.36 
$31.28 
$32.22 
$33.20 
$33.87 
$34.50 
$35.23 
$35.93 
$36.28 
$36.67 
$36.97 
$37.36 
$37.76 
$38.14 
$38.51 
$38.89 
$39.26 
$39.66 
$40.46 
$41.65 
M14 
$28.27 
$28.71 
$29.13 
$30.01 
$30.89 
$31.83 
$32.78 
$33.78 
$34.46 
$35.10 
$35.85 
$36.56 
$36.91 
$37.31 
$37.62 
$38.01 
$38.42 
$38.81 
$39.18 
$39.57 
$39.95 
$40.35 
$41.17 
$42.38 
M15 
$29.71 
$30.19 
$30.65 
$31.58 
$32.48 
$33.47 
$34.46 
$35.52 
$36.21 
$36.91 
$37.69 
$38.43 
$38.82 
$39.18 
$39.58 
$40.01 
$40.38 
$40.82 
$41.21 
$41.61 
$42.03 
$42.46 
$43.31 
$44.62 
M16 
$30.23 
$30.72 
$31.19 
$32.13 
$33.05 
$34.06 
$35.06 
$36.14 
$36.84 
$37.56 
$38.35 
$39.10 
$39.50 
$39.87 
$40.27 
$40.71 
$41.09 
$41.53 
$41.93 
$42.34 
$42.77 
$43.20 
$44.07 
$45.40 
M17 
$32.35 
$32.87 
$33.37 
$34.38 
$35.41 
$36.44 
$37.53 
$38.67 
$39.42 
$40.23 
$41.04 
$41.85 
$42.28 
$42.69 
$43.15 
$43.52 
$43.98 
$44.39 
$44.83 
$45.30 
$45.74 
$46.19 
$47.14 
$50.51 
M18 
$34.03 
$34.53 
$35.09 
$36.12 
$37.25 
$38.32 
$39.49 
$40.67 
$41.49 
$42.29 
$43.13 
$44.02 
$44.44 
$44.89 
$45.34 
$45.79 
$46.26 
$46.69 
$47.20 
$47.63 
$48.12 
$48.59 
$49.57 
$51.03 
M19 
$37.77 
$38.35 
$38.95 
$40.09 
$41.29 
$42.49 
$43.78 
$45.13 
$46.03 
$46.93 
$47.89 
$48.87 
$49.32 
$49.79 
$50.32 
$50.80 
$51.32 
$51.81 
$52.35 
$52.86 
$53.41 
$53.92 
$55.03 
$56.67 
M20 
$40.40 
$41.04 
$41.65 
$42.87 
$44.20 
$45.48 
$46.86 
$48.29 
$49.25 
$50.21 
$51.25 
$52.25 
$52.77 
$53.27 
$53.83 
$54.33 
$54.89 
$55.45 
$56.03 
$56.56 
$57.13 
$57.71 
$58.88 
$60.62 
M21 
$41.22 
$41.84 
$42.45 
$43.73 
$45.10 
$46.40 
$47.79 
$49.25 
$50.23 
$51.21 
$52.26 
$53.30 
$53.83 
$54.33 
$54.90 
$55.44 
$56.01 
$56.55 
$57.13 
$57.69 
$58.28 
$58.87 
$60.04 
$61.83 
M22 
$43.26 
$43.92 
$44.59 
$45.90 
$47.26 
$48.71 
$50.16 
$51.66 
$52.69 
$53.72 
$54.82 
$55.91 
$56.51 
$57.07 
$57.60 
$58.18 
$58.76 
$59.35 
$59.91 
$60.53 
$61.11 
$61.75 
$62.97 
$64.86 
M23 
$43.58 
$44.24 
$44.92 
$46.24 
$47.61 
$49.07 
$50.53 
$52.04 
$53.07 
$54.12 
$55.23 
$56.32 
$56.93 
$57.49 
$58.03 
$58.61 
$59.19 
$59.79 
$60.35 
$60.98 
$61.56 
$62.21 
$63.44 
$65.33 
 
64 


2024 Wage Scale  
Grade
s 
0 
6 mo 
1 
2 
3 
4 
5 
6 
7 
8 
9 
10 
11 
12 
13 
14 
15 
16 
17 
18 
19 
20 
25 
35 
M02 
$17.32 
$17.60 
$17.88 
$18.39 
$18.95 
$19.52 
$20.12 
$20.70 
$21.14 
$21.55 
$21.94 
$22.40 
$22.65 
$22.86 
$23.07 
$23.30 
$23.56 
$23.79 
$24.02 
$24.27 
$24.50 
$24.80 
$25.25 
$26.03 
M03 
$18.17 
$18.45 
$18.71 
$19.27 
$19.86 
$20.42 
$21.05 
$21.65 
$22.11 
$22.57 
$23.03 
$23.49 
$23.71 
$23.97 
$24.20 
$24.48 
$24.66 
$24.97 
$25.17 
$25.47 
$25.71 
$25.96 
$26.47 
$27.25 
M04 
$20.36 
$20.68 
$20.96 
$21.58 
$22.26 
$22.89 
$23.60 
$24.35 
$24.78 
$25.28 
$25.78 
$26.30 
$26.57 
$26.83 
$27.11 
$27.39 
$27.65 
$27.93 
$28.22 
$28.48 
$28.77 
$29.07 
$29.63 
$30.52 
M05 
$20.86 
$21.17 
$21.46 
$22.11 
$22.78 
$23.46 
$24.14 
$24.89 
$25.37 
$25.91 
$26.41 
$26.96 
$27.20 
$27.48 
$27.77 
$28.04 
$28.30 
$28.62 
$28.92 
$29.18 
$29.49 
$29.77 
$30.38 
$31.27 
M06 
$21.38 
$21.70 
$22.00 
$22.67 
$23.35 
$24.05 
$24.74 
$25.51 
$26.01 
$26.55 
$27.07 
$27.64 
$27.88 
$28.17 
$28.46 
$28.74 
$29.01 
$29.34 
$29.64 
$29.91 
$30.23 
$30.52 
$31.14 
$32.05 
M07 
$21.50 
$21.84 
$22.13 
$22.81 
$23.49 
$24.16 
$24.94 
$25.65 
$26.18 
$26.70 
$27.21 
$27.78 
$28.08 
$28.31 
$28.63 
$28.93 
$29.19 
$29.50 
$29.78 
$30.11 
$30.40 
$30.70 
$31.29 
$32.25 
M08 
$22.14 
$22.51 
$22.83 
$23.51 
$24.20 
$24.97 
$25.69 
$26.44 
$27.01 
$27.54 
$28.09 
$28.66 
$28.94 
$29.20 
$29.51 
$29.79 
$30.12 
$30.40 
$30.67 
$31.01 
$31.31 
$31.65 
$32.26 
$33.19 
M09 
$22.53 
$22.90 
$23.23 
$23.92 
$24.63 
$25.40 
$26.14 
$26.90 
$27.49 
$28.02 
$28.58 
$29.17 
$29.44 
$29.71 
$30.03 
$30.31 
$30.64 
$30.93 
$31.21 
$31.55 
$31.86 
$32.21 
$32.82 
$33.77 
M10 
$27.72 
$28.16 
$28.60 
$29.45 
$30.34 
$31.21 
$32.19 
$33.12 
$33.78 
$34.42 
$35.15 
$35.86 
$36.25 
$36.54 
$36.94 
$37.34 
$37.69 
$38.05 
$38.47 
$38.83 
$39.21 
$39.62 
$40.39 
$41.59 
M11 
$28.21 
$28.66 
$29.10 
$29.96 
$30.87 
$31.76 
$32.75 
$33.70 
$34.38 
$35.02 
$35.77 
$36.49 
$36.89 
$37.18 
$37.59 
$37.99 
$38.35 
$38.71 
$39.14 
$39.51 
$39.89 
$40.31 
$41.10 
$42.32 
M12 
$28.61 
$29.03 
$29.46 
$30.36 
$31.27 
$32.22 
$33.16 
$34.17 
$34.88 
$35.56 
$36.23 
$37.00 
$37.36 
$37.73 
$38.11 
$38.49 
$38.84 
$39.25 
$39.67 
$40.06 
$40.45 
$40.85 
$41.66 
$42.92 
M13 
$29.03 
$29.49 
$29.92 
$30.82 
$31.73 
$32.69 
$33.67 
$34.69 
$35.39 
$36.05 
$36.82 
$37.55 
$37.91 
$38.32 
$38.63 
$39.04 
$39.46 
$39.86 
$40.24 
$40.64 
$41.03 
$41.44 
$42.28 
$43.52 
M14 
$29.54 
$30.01 
$30.44 
$31.36 
$32.28 
$33.26 
$34.26 
$35.30 
$36.01 
$36.68 
$37.46 
$38.20 
$38.58 
$38.99 
$39.31 
$39.72 
$40.15 
$40.55 
$40.95 
$41.35 
$41.74 
$42.17 
$43.02 
$44.29 
M15 
$31.05 
$31.55 
$32.03 
$33.00 
$33.94 
$34.98 
$36.01 
$37.12 
$37.84 
$38.57 
$39.39 
$40.16 
$40.57 
$40.94 
$41.36 
$41.81 
$42.20 
$42.66 
$43.06 
$43.48 
$43.92 
$44.37 
$45.26 
$46.63 
M16 
$31.59 
$32.10 
$32.59 
$33.58 
$34.54 
$35.59 
$36.64 
$37.77 
$38.50 
$39.25 
$40.08 
$40.86 
$41.28 
$41.66 
$42.08 
$42.54 
$42.94 
$43.40 
$43.82 
$44.24 
$44.69 
$45.15 
$46.05 
$47.44 
M17 
$33.80 
$34.34 
$34.88 
$35.93 
$37.00 
$38.08 
$39.21 
$40.40 
$41.19 
$42.04 
$42.88 
$43.73 
$44.18 
$44.62 
$45.09 
$45.48 
$45.96 
$46.39 
$46.85 
$47.34 
$47.79 
$48.27 
$49.26 
$52.78 
M18 
$35.56 
$36.08 
$36.67 
$37.75 
$38.93 
$40.04 
$41.27 
$42.50 
$43.36 
$44.19 
$45.07 
$46.00 
$46.44 
$46.91 
$47.38 
$47.85 
$48.34 
$48.79 
$49.32 
$49.77 
$50.29 
$50.78 
$51.80 
$53.33 
M19 
$39.47 
$40.08 
$40.70 
$41.89 
$43.15 
$44.40 
$45.75 
$47.16 
$48.10 
$49.04 
$50.05 
$51.07 
$51.54 
$52.03 
$52.58 
$53.09 
$53.63 
$54.14 
$54.71 
$55.24 
$55.81 
$56.34 
$57.50 
$59.23 
M20 
$42.22 
$42.88 
$43.52 
$44.80 
$46.19 
$47.53 
$48.96 
$50.46 
$51.46 
$52.47 
$53.56 
$54.60 
$55.14 
$55.66 
$56.25 
$56.78 
$57.36 
$57.95 
$58.56 
$59.11 
$59.70 
$60.31 
$61.53 
$63.35 
M21 
$43.07 
$43.72 
$44.36 
$45.70 
$47.12 
$48.49 
$49.94 
$51.46 
$52.49 
$53.52 
$54.61 
$55.69 
$56.25 
$56.78 
$57.37 
$57.94 
$58.53 
$59.10 
$59.70 
$60.29 
$60.91 
$61.52 
$62.74 
$64.62 
M22 
$45.21 
$45.89 
$46.59 
$47.96 
$49.39 
$50.90 
$52.42 
$53.98 
$55.06 
$56.14 
$57.29 
$58.43 
$59.05 
$59.64 
$60.19 
$60.80 
$61.40 
$62.02 
$62.61 
$63.25 
$63.86 
$64.53 
$65.81 
$67.77 
M23 
$45.54 
$46.23 
$46.94 
$48.32 
$49.75 
$51.27 
$52.81 
$54.38 
$55.46 
$56.56 
$57.71 
$58.86 
$59.49 
$60.08 
$60.64 
$61.25 
$61.86 
$62.48 
$63.07 
$63.72 
$64.33 
$65.01 
$66.29 
$68.27 

 
65 


2025 Wage Scale  
Grades 
0 
6 mo 
1 
2 
3 
4 
5 
6 
7 
8 
9 
10 
11 
12 
13 
14 
15 
16 
17 
18 
19 
20 
25 
35 
M02 
$18.01 
$18.30 
$18.60 
$19.13 
$19.71 
$20.30 
$20.92 
$21.53 
$21.99 
$22.41 
$22.82 
$23.30 
$23.56 
$23.77 
$23.99 
$24.23 
$24.50 
$24.74 
$24.98 
$25.24 
$25.48 
$25.79 
$26.26 
$27.07 
M03 
$18.90 
$19.19 
$19.46 
$20.04 
$20.65 
$21.24 
$21.89 
$22.52 
$22.99 
$23.47 
$23.95 
$24.43 
$24.66 
$24.93 
$25.17 
$25.46 
$25.65 
$25.97 
$26.18 
$26.49 
$26.74 
$27.00 
$27.53 
$28.34 
M04 
$21.17 
$21.51 
$21.80 
$22.44 
$23.15 
$23.81 
$24.54 
$25.32 
$25.77 
$26.29 
$26.81 
$27.35 
$27.63 
$27.90 
$28.19 
$28.49 
$28.76 
$29.05 
$29.35 
$29.62 
$29.92 
$30.23 
$30.82 
$31.74 
M05 
$21.69 
$22.02 
$22.32 
$22.99 
$23.69 
$24.40 
$25.11 
$25.89 
$26.38 
$26.95 
$27.47 
$28.04 
$28.29 
$28.58 
$28.88 
$29.16 
$29.43 
$29.76 
$30.08 
$30.35 
$30.67 
$30.96 
$31.60 
$32.52 
M06 
$22.24 
$22.57 
$22.88 
$23.58 
$24.28 
$25.01 
$25.73 
$26.53 
$27.05 
$27.61 
$28.15 
$28.75 
$29.00 
$29.30 
$29.60 
$29.89 
$30.17 
$30.51 
$30.83 
$31.11 
$31.44 
$31.74 
$32.39 
$33.33 
M07 
$22.36 
$22.71 
$23.02 
$23.72 
$24.43 
$25.13 
$25.94 
$26.68 
$27.23 
$27.77 
$28.30 
$28.89 
$29.20 
$29.44 
$29.78 
$30.09 
$30.36 
$30.68 
$30.97 
$31.31 
$31.62 
$31.93 
$32.54 
$33.54 
M08 
$23.03 
$23.41 
$23.74 
$24.45 
$25.17 
$25.97 
$26.72 
$27.50 
$28.09 
$28.64 
$29.21 
$29.81 
$30.10 
$30.37 
$30.69 
$30.98 
$31.32 
$31.62 
$31.90 
$32.25 
$32.56 
$32.92 
$33.55 
$34.52 
M09 
$23.43 
$23.82 
$24.16 
$24.88 
$25.62 
$26.42 
$27.19 
$27.98 
$28.59 
$29.14 
$29.72 
$30.34 
$30.62 
$30.90 
$31.23 
$31.52 
$31.87 
$32.17 
$32.46 
$32.81 
$33.13 
$33.50 
$34.13 
$35.12 
M10 
$28.83 
$29.29 
$29.74 
$30.63 
$31.55 
$32.46 
$33.48 
$34.44 
$35.13 
$35.80 
$36.56 
$37.29 
$37.70 
$38.00 
$38.42 
$38.83 
$39.20 
$39.57 
$40.01 
$40.38 
$40.78 
$41.20 
$42.01 
$43.25 
M11 
$29.34 
$29.81 
$30.26 
$31.16 
$32.10 
$33.03 
$34.06 
$35.05 
$35.76 
$36.42 
$37.20 
$37.95 
$38.37 
$38.67 
$39.09 
$39.51 
$39.88 
$40.26 
$40.71 
$41.09 
$41.49 
$41.92 
$42.74 
$44.01 
M12 
$29.75 
$30.19 
$30.64 
$31.57 
$32.52 
$33.51 
$34.49 
$35.54 
$36.28 
$36.98 
$37.68 
$38.48 
$38.85 
$39.24 
$39.63 
$40.03 
$40.39 
$40.82 
$41.26 
$41.66 
$42.07 
$42.48 
$43.33 
$44.64 
M13 
$30.19 
$30.67 
$31.12 
$32.05 
$33.00 
$34.00 
$35.02 
$36.08 
$36.81 
$37.49 
$38.29 
$39.05 
$39.43 
$39.85 
$40.18 
$40.60 
$41.04 
$41.45 
$41.85 
$42.27 
$42.67 
$43.10 
$43.97 
$45.26 
M14 
$30.72 
$31.21 
$31.66 
$32.61 
$33.57 
$34.59 
$35.63 
$36.71 
$37.45 
$38.15 
$38.96 
$39.73 
$40.12 
$40.55 
$40.88 
$41.31 
$41.76 
$42.17 
$42.59 
$43.00 
$43.41 
$43.86 
$44.74 
$46.06 
M15 
$32.29 
$32.81 
$33.31 
$34.32 
$35.30 
$36.38 
$37.45 
$38.60 
$39.35 
$40.11 
$40.97 
$41.77 
$42.19 
$42.58 
$43.01 
$43.48 
$43.89 
$44.37 
$44.78 
$45.22 
$45.68 
$46.14 
$47.07 
$48.50 
M16 
$32.85 
$33.38 
$33.89 
$34.92 
$35.92 
$37.01 
$38.11 
$39.28 
$40.04 
$40.82 
$41.68 
$42.49 
$42.93 
$43.33 
$43.76 
$44.24 
$44.66 
$45.14 
$45.57 
$46.01 
$46.48 
$46.96 
$47.89 
$49.34 
M17 
$35.15 
$35.71 
$36.28 
$37.37 
$38.48 
$39.60 
$40.78 
$42.02 
$42.84 
$43.72 
$44.60 
$45.48 
$45.95 
$46.40 
$46.89 
$47.30 
$47.80 
$48.25 
$48.72 
$49.23 
$49.70 
$50.20 
$51.23 
$54.89 
M18 
$36.98 
$37.52 
$38.14 
$39.26 
$40.49 
$41.64 
$42.92 
$44.20 
$45.09 
$45.96 
$46.87 
$47.84 
$48.30 
$48.79 
$49.28 
$49.76 
$50.27 
$50.74 
$51.29 
$51.76 
$52.30 
$52.81 
$53.87 
$55.46 
M19 
$41.05 
$41.68 
$42.33 
$43.57 
$44.88 
$46.18 
$47.58 
$49.05 
$50.02 
$51.00 
$52.05 
$53.11 
$53.60 
$54.11 
$54.68 
$55.21 
$55.78 
$56.31 
$56.90 
$57.45 
$58.04 
$58.59 
$59.80 
$61.60 
M20 
$43.91 
$44.60 
$45.26 
$46.59 
$48.04 
$49.43 
$50.92 
$52.48 
$53.52 
$54.57 
$55.70 
$56.78 
$57.35 
$57.89 
$58.50 
$59.05 
$59.65 
$60.27 
$60.90 
$61.47 
$62.09 
$62.72 
$63.99 
$65.88 
M21 
$44.79 
$45.47 
$46.13 
$47.53 
$49.00 
$50.43 
$51.94 
$53.52 
$54.59 
$55.66 
$56.79 
$57.92 
$58.50 
$59.05 
$59.66 
$60.26 
$60.87 
$61.46 
$62.09 
$62.70 
$63.35 
$63.98 
$65.25 
$67.20 
M22 
$47.02 
$47.73 
$48.45 
$49.88 
$51.37 
$52.94 
$54.52 
$56.14 
$57.26 
$58.39 
$59.58 
$60.77 
$61.41 
$62.03 
$62.60 
$63.23 
$63.86 
$64.50 
$65.11 
$65.78 
$66.41 
$67.11 
$68.44 
$70.48 
M23 
$47.36 
$48.08 
$48.82 
$50.25 
$51.74 
$53.32 
$54.92 
$56.56 
$57.68 
$58.82 
$60.02 
$61.21 
$61.87 
$62.48 
$63.07 
$63.70 
$64.33 
$64.98 
$65.59 
$66.27 
$66.90 
$67.61 
$68.94 
$71.00 



 
66 


---
# Southern Hills
APPENDIX D 

WAGE SCALES 


2023 WAGE SCALES, SOUTHERN HILLS HOSPITAL 

Grade 
0 
6 MO 
1 
2 
3 
4 
5 
6 
7 
8 
9 
10 
11 
12 
13 
14 
15 
16 
17 
18 
19 
20 
25 
35 
S01 
$15.44 
$15.65 
$15.91 
$16.41 
$16.90 
$17.40 
$17.91 
$18.45 
$18.84 
$19.16 
$19.56 
$19.97 
$20.14 
$20.37 
$20.54 
$20.76 
$21.00 
$21.17 
$21.40 
$21.61 
$21.82 
$22.02 
$22.45 
$23.10 
S02 
$15.97 
$16.21 
$16.47 
$16.96 
$17.48 
$17.98 
$18.52 
$19.07 
$19.47 
$19.88 
$20.26 
$20.63 
$20.89 
$21.06 
$21.30 
$21.50 
$21.69 
$21.90 
$22.16 
$22.38 
$22.59 
$22.83 
$23.30 
$23.97 
S03 
$16.25 
$16.49 
$16.76 
$17.26 
$17.79 
$18.29 
$18.84 
$19.40 
$19.81 
$20.23 
$20.61 
$20.99 
$21.26 
$21.43 
$21.67 
$21.88 
$22.07 
$22.28 
$22.55 
$22.77 
$22.99 
$23.23 
$23.71 
$24.39 
S04 
$17.03 
$17.28 
$17.56 
$18.07 
$18.61 
$19.14 
$19.73 
$20.36 
$20.71 
$21.16 
$21.60 
$22.02 
$22.28 
$22.48 
$22.69 
$22.94 
$23.12 
$23.42 
$23.61 
$23.87 
$24.09 
$24.37 
$24.83 
$25.57 
S05 
$19.08 
$19.40 
$19.66 
$20.27 
$20.89 
$21.49 
$22.14 
$22.81 
$23.22 
$23.71 
$24.18 
$24.66 
$24.93 
$25.15 
$25.43 
$25.67 
$25.93 
$26.21 
$26.45 
$26.72 
$26.99 
$27.27 
$27.80 
$28.64 
S06 
$19.53 
$19.86 
$20.12 
$20.71 
$21.36 
$22.00 
$22.63 
$23.37 
$23.82 
$24.31 
$24.78 
$25.25 
$25.53 
$25.79 
$26.02 
$26.29 
$26.55 
$26.84 
$27.09 
$27.39 
$27.65 
$27.92 
$28.47 
$29.31 
S07 
$19.87 
$20.21 
$20.47 
$21.07 
$21.73 
$22.39 
$23.03 
$23.78 
$24.24 
$24.74 
$25.21 
$25.69 
$25.98 
$26.24 
$26.48 
$26.75 
$27.01 
$27.31 
$27.56 
$27.87 
$28.13 
$28.41 
$28.97 
$29.82 
S08 
$20.14 
$20.46 
$20.76 
$21.38 
$22.02 
$22.65 
$23.39 
$24.05 
$24.53 
$25.05 
$25.55 
$26.03 
$26.32 
$26.57 
$26.86 
$27.10 
$27.40 
$27.66 
$27.93 
$28.22 
$28.50 
$28.79 
$29.32 
$30.24 
S09 
$20.77 
$21.09 
$21.42 
$22.04 
$22.69 
$23.42 
$24.06 
$24.82 
$25.30 
$25.81 
$26.34 
$26.89 
$27.12 
$27.41 
$27.67 
$27.94 
$28.23 
$28.50 
$28.78 
$29.09 
$29.36 
$29.67 
$30.26 
$31.15 
S10 
$21.13 
$21.46 
$21.79 
$22.43 
$23.09 
$23.83 
$24.48 
$25.25 
$25.74 
$26.26 
$26.80 
$27.36 
$27.59 
$27.89 
$28.15 
$28.43 
$28.72 
$29.00 
$29.28 
$29.60 
$29.87 
$30.19 
$30.79 
$31.70 
S11 
$37.73 
$38.32 
$38.91 
$40.03 
$41.25 
$42.48 
$43.77 
$45.09 
$46.02 
$46.94 
$47.89 
$48.82 
$49.29 
$49.81 
$50.30 
$50.77 
$51.28 
$51.80 
$52.33 
$52.85 
$53.38 
$53.90 
$54.97 
$56.65 
S12 
$38.30 
$38.89 
$39.49 
$40.63 
$41.87 
$43.12 
$44.43 
$45.77 
$46.71 
$47.64 
$48.61 
$49.55 
$50.03 
$50.56 
$51.05 
$51.53 
$52.05 
$52.58 
$53.11 
$53.64 
$54.18 
$54.71 
$55.79 
$57.50 
S13 
$43.23 
$43.91 
$44.54 
$45.88 
$47.24 
$48.69 
$50.10 
$51.65 
$52.66 
$53.71 
$54.79 
$55.89 
$56.46 
$57.01 
$57.59 
$58.16 
$58.75 
$59.32 
$59.91 
$60.50 
$61.07 
$61.70 
$62.92 
$64.83 
S14 
$44.09 
$44.79 
$45.43 
$46.80 
$48.18 
$49.66 
$51.10 
$52.68 
$53.71 
$54.78 
$55.89 
$57.01 
$57.59 
$58.15 
$58.74 
$59.32 
$59.93 
$60.51 
$61.11 
$61.71 
$62.29 
$62.93 
$64.18 
$66.13 
 
68 



2024 WAGE SCALES, SOUTHERN HILLS HOSPITAL 

Grade 
0 
6 MO 
1 
2 
3 
4 
5 
6 
7 
8 
9 
10 
11 
12 
13 
14 
15 
16 
17 
18 
19 
20 
25 
35 
S01 
$16.13 
$16.35 
$16.63 
$17.15 
$17.66 
$18.18 
$18.72 
$19.28 
$19.69 
$20.02 
$20.44 
$20.87 
$21.05 
$21.29 
$21.46 
$21.69 
$21.95 
$22.12 
$22.36 
$22.58 
$22.80 
$23.01 
$23.46 
$24.14 
S02 
$16.69 
$16.94 
$17.21 
$17.72 
$18.27 
$18.79 
$19.35 
$19.93 
$20.35 
$20.77 
$21.17 
$21.56 
$21.83 
$22.01 
$22.26 
$22.47 
$22.67 
$22.89 
$23.16 
$23.39 
$23.61 
$23.86 
$24.35 
$25.05 
S03 
$16.98 
$17.23 
$17.51 
$18.04 
$18.59 
$19.11 
$19.69 
$20.27 
$20.70 
$21.14 
$21.54 
$21.93 
$22.22 
$22.39 
$22.65 
$22.86 
$23.06 
$23.28 
$23.56 
$23.79 
$24.02 
$24.28 
$24.78 
$25.49 
S04 
$17.80 
$18.06 
$18.35 
$18.88 
$19.45 
$20.00 
$20.62 
$21.28 
$21.64 
$22.11 
$22.57 
$23.01 
$23.28 
$23.49 
$23.71 
$23.97 
$24.16 
$24.47 
$24.67 
$24.94 
$25.17 
$25.47 
$25.95 
$26.72 
S05 
$19.94 
$20.27 
$20.54 
$21.18 
$21.83 
$22.46 
$23.14 
$23.84 
$24.26 
$24.78 
$25.27 
$25.77 
$26.05 
$26.28 
$26.57 
$26.83 
$27.10 
$27.39 
$27.64 
$27.92 
$28.20 
$28.50 
$29.05 
$29.93 
S06 
$20.41 
$20.75 
$21.03 
$21.64 
$22.32 
$22.99 
$23.65 
$24.42 
$24.89 
$25.40 
$25.90 
$26.39 
$26.68 
$26.95 
$27.19 
$27.47 
$27.74 
$28.05 
$28.31 
$28.62 
$28.89 
$29.18 
$29.75 
$30.63 
S07 
$20.76 
$21.12 
$21.39 
$22.02 
$22.71 
$23.40 
$24.07 
$24.85 
$25.33 
$25.85 
$26.34 
$26.85 
$27.15 
$27.42 
$27.67 
$27.95 
$28.23 
$28.54 
$28.80 
$29.12 
$29.40 
$29.69 
$30.27 
$31.16 
S08 
$21.05 
$21.38 
$21.69 
$22.34 
$23.01 
$23.67 
$24.44 
$25.13 
$25.63 
$26.18 
$26.70 
$27.20 
$27.50 
$27.77 
$28.07 
$28.32 
$28.63 
$28.90 
$29.19 
$29.49 
$29.78 
$30.09 
$30.64 
$31.60 
S09 
$21.70 
$22.04 
$22.38 
$23.03 
$23.71 
$24.47 
$25.14 
$25.94 
$26.44 
$26.97 
$27.53 
$28.10 
$28.34 
$28.64 
$28.92 
$29.20 
$29.50 
$29.78 
$30.08 
$30.40 
$30.68 
$31.01 
$31.62 
$32.55 
S10 
$22.08 
$22.43 
$22.77 
$23.44 
$24.13 
$24.90 
$25.58 
$26.39 
$26.90 
$27.44 
$28.01 
$28.59 
$28.83 
$29.15 
$29.42 
$29.71 
$30.01 
$30.31 
$30.60 
$30.93 
$31.21 
$31.55 
$32.18 
$33.13 
S11 
$39.43 
$40.04 
$40.66 
$41.83 
$43.11 
$44.39 
$45.74 
$47.12 
$48.09 
$49.05 
$50.05 
$51.02 
$51.51 
$52.05 
$52.56 
$53.05 
$53.59 
$54.13 
$54.68 
$55.23 
$55.78 
$56.33 
$57.44 
$59.20 
S12 
$40.02 
$40.64 
$41.27 
$42.46 
$43.75 
$45.06 
$46.43 
$47.83 
$48.81 
$49.78 
$50.80 
$51.78 
$52.28 
$52.84 
$53.35 
$53.85 
$54.39 
$54.95 
$55.50 
$56.05 
$56.62 
$57.17 
$58.30 
$60.09 
S13 
$45.18 
$45.89 
$46.54 
$47.94 
$49.37 
$50.88 
$52.35 
$53.97 
$55.03 
$56.13 
$57.26 
$58.41 
$59.00 
$59.58 
$60.18 
$60.78 
$61.39 
$61.99 
$62.61 
$63.22 
$63.82 
$64.48 
$65.75 
$67.75 
S14 
$46.07 
$46.81 
$47.47 
$48.91 
$50.35 
$51.89 
$53.40 
$55.05 
$56.13 
$57.25 
$58.41 
$59.58 
$60.18 
$60.77 
$61.38 
$61.99 
$62.63 
$63.23 
$63.86 
$64.49 
$65.09 
$65.76 
$67.07 
$69.11 
 
69 



2025 WAGE SCALES, SOUTHERN HILLS HOSPITAL 

Grade 
0 
6 MO 
1 
2 
3 
4 
5 
6 
7 
8 
9 
10 
11 
12 
13 
14 
15 
16 
17 
18 
19 
20 
25 
35 
S01 
$16.78 
$17.00 
$17.30 
$17.84 
$18.37 
$18.91 
$19.47 
$20.05 
$20.48 
$20.82 
$21.26 
$21.70 
$21.89 
$22.14 
$22.32 
$22.56 
$22.83 
$23.00 
$23.25 
$23.48 
$23.71 
$23.93 
$24.40 
$25.11 
S02 
$17.36 
$17.62 
$17.90 
$18.43 
$19.00 
$19.54 
$20.12 
$20.73 
$21.16 
$21.60 
$22.02 
$22.42 
$22.70 
$22.89 
$23.15 
$23.37 
$23.58 
$23.81 
$24.09 
$24.33 
$24.55 
$24.81 
$25.32 
$26.05 
S03 
$17.66 
$17.92 
$18.21 
$18.76 
$19.33 
$19.87 
$20.48 
$21.08 
$21.53 
$21.99 
$22.40 
$22.81 
$23.11 
$23.29 
$23.56 
$23.77 
$23.98 
$24.21 
$24.50 
$24.74 
$24.98 
$25.25 
$25.77 
$26.51 
S04 
$18.51 
$18.78 
$19.08 
$19.64 
$20.23 
$20.80 
$21.44 
$22.13 
$22.51 
$22.99 
$23.47 
$23.93 
$24.21 
$24.43 
$24.66 
$24.93 
$25.13 
$25.45 
$25.66 
$25.94 
$26.18 
$26.49 
$26.99 
$27.79 
S05 
$20.74 
$21.08 
$21.36 
$22.03 
$22.70 
$23.36 
$24.07 
$24.79 
$25.23 
$25.77 
$26.28 
$26.80 
$27.09 
$27.33 
$27.63 
$27.90 
$28.18 
$28.49 
$28.75 
$29.04 
$29.33 
$29.64 
$30.21 
$31.13 
S06 
$21.23 
$21.58 
$21.87 
$22.51 
$23.21 
$23.91 
$24.60 
$25.40 
$25.89 
$26.42 
$26.94 
$27.45 
$27.75 
$28.03 
$28.28 
$28.57 
$28.85 
$29.17 
$29.44 
$29.76 
$30.05 
$30.35 
$30.94 
$31.86 
S07 
$21.59 
$21.96 
$22.25 
$22.90 
$23.62 
$24.34 
$25.03 
$25.84 
$26.34 
$26.88 
$27.39 
$27.92 
$28.24 
$28.52 
$28.78 
$29.07 
$29.36 
$29.68 
$29.95 
$30.28 
$30.58 
$30.88 
$31.48 
$32.41 
S08 
$21.89 
$22.24 
$22.56 
$23.23 
$23.93 
$24.62 
$25.42 
$26.14 
$26.66 
$27.23 
$27.77 
$28.29 
$28.60 
$28.88 
$29.19 
$29.45 
$29.78 
$30.06 
$30.36 
$30.67 
$30.97 
$31.29 
$31.87 
$32.86 
S09 
$22.57 
$22.92 
$23.28 
$23.95 
$24.66 
$25.45 
$26.15 
$26.98 
$27.50 
$28.05 
$28.63 
$29.22 
$29.47 
$29.79 
$30.08 
$30.37 
$30.68 
$30.97 
$31.28 
$31.62 
$31.91 
$32.25 
$32.88 
$33.85 
S10 
$22.96 
$23.33 
$23.68 
$24.38 
$25.10 
$25.90 
$26.60 
$27.45 
$27.98 
$28.54 
$29.13 
$29.73 
$29.98 
$30.32 
$30.60 
$30.90 
$31.21 
$31.52 
$31.82 
$32.17 
$32.46 
$32.81 
$33.47 
$34.46 
S11 
$41.01 
$41.64 
$42.29 
$43.50 
$44.83 
$46.17 
$47.57 
$49.00 
$50.01 
$51.01 
$52.05 
$53.06 
$53.57 
$54.13 
$54.66 
$55.17 
$55.73 
$56.30 
$56.87 
$57.44 
$58.01 
$58.58 
$59.74 
$61.57 
S12 
$41.62 
$42.27 
$42.92 
$44.16 
$45.50 
$46.86 
$48.29 
$49.74 
$50.76 
$51.77 
$52.83 
$53.85 
$54.37 
$54.95 
$55.48 
$56.00 
$56.57 
$57.15 
$57.72 
$58.29 
$58.88 
$59.46 
$60.63 
$62.49 
S13 
$46.99 
$47.73 
$48.40 
$49.86 
$51.34 
$52.92 
$54.44 
$56.13 
$57.23 
$58.38 
$59.55 
$60.75 
$61.36 
$61.96 
$62.59 
$63.21 
$63.85 
$64.47 
$65.11 
$65.75 
$66.37 
$67.06 
$68.38 
$70.46 
S14 
$47.91 
$48.68 
$49.37 
$50.87 
$52.36 
$53.97 
$55.54 
$57.25 
$58.38 
$59.54 
$60.75 
$61.96 
$62.59 
$63.20 
$63.84 
$64.47 
$65.14 
$65.76 
$66.41 
$67.07 
$67.69 
$68.39 
$69.75 
$71.87 
 
70 


